74	81	73	72	78	77	85	86	79	80	81	79	81	73	67	54	57	65	66	74	76	75	74	74	72	78	80	79	74	71	65	63	70	75	81	80	75	75	73	72	71	67	71	72	78	80	76	74	82	78	74	71	74	73	72	76	72	63	66	77	79	72	66	62	64	61	59	65	73	72	62
66	67	72	71	72	76	78	85	81	74	73	63	60	64	62	55	58	59	60	69	79	74	69	69	79	78	68	67	66	63	67	63	70	74	72	74	71	67	65	66	71	71	67	68	64	60	62	62	68	72	76	73	72	74	76	78	73	74	71	75	70	71	71	67	65	66	68	71	69	66	61
54	62	73	79	78	74	72	76	76	79	76	69	69	73	71	75	64	53	56	64	72	69	60	61	70	73	78	73	69	62	58	71	83	79	80	77	72	74	71	61	54	63	66	64	67	62	63	64	68	83	83	84	81	76	76	72	65	62	61	63	59	59	61	64	63	57	54	54	56	53	56
62	66	73	76	70	71	74	77	83	79	71	69	72	70	61	61	67	62	63	66	73	77	69	66	71	69	66	62	61	63	61	62	68	74	79	78	72	67	56	58	56	63	66	65	62	53	56	60	64	68	76	77	77	79	82	75	65	63	60	64	63	65	68	74	73	63	57	56	55	54	50
63	71	78	88	84	72	62	67	74	67	56	58	63	73	76	74	75	71	68	70	72	68	66	65	66	70	69	59	64	68	67	72	72	75	76	69	69	73	74	72	67	65	71	72	72	69	68	66	73	81	86	88	87	88	80	69	63	61	66	72	77	71	68	68	65	62	65	63	62	56	49
62	65	73	79	72	65	65	62	66	67	73	72	64	60	63	66	60	57	63	72	73	71	72	66	74	69	65	64	61	64	76	81	83	79	80	76	75	72	65	66	68	63	68	66	61	58	57	60	66	68	75	83	86	86	82	73	67	68	64	66	69	67	63	61	62	61	65	58	59	57	54
67	70	77	77	74	66	62	60	56	56	61	67	72	67	65	60	66	73	75	75	72	61	63	68	65	72	73	68	75	81	84	80	78	77	76	73	73	70	68	67	66	63	65	71	79	79	79	80	76	78	73	71	80	78	67	62	56	56	57	65	68	71	69	72	75	69	62	53	62	66	69
72	74	78	78	73	69	70	72	73	73	72	75	80	75	76	76	71	68	67	73	71	73	76	69	74	72	75	74	81	89	96	96	84	81	79	81	80	71	74	72	81	84	84	82	78	77	69	68	69	77	80	77	74	79	79	69	63	69	76	76	81	79	82	83	81	73	63	70	65	67	65
69	75	79	83	87	79	74	71	71	67	77	77	79	79	80	78	78	84	87	85	83	83	78	81	84	82	87	81	80	83	84	89	91	91	88	87	85	85	81	85	96	99	102	105	111	114	107	93	81	85	86	82	84	85	80	78	80	82	82	90	93	93	98	103	96	83	78	77	77	84	84
94	93	97	97	99	95	93	88	83	86	97	99	96	99	103	101	98	90	92	97	101	104	100	91	90	96	100	102	102	99	101	102	103	98	104	105	103	102	100	95	104	107	110	112	110	107	102	107	109	109	105	102	100	90	91	93	102	104	100	105	107	109	116	119	108	102	98	90	82	83	84
98	99	106	111	112	107	105	110	111	110	108	111	107	101	101	103	110	110	111	113	112	109	110	103	101	105	111	115	121	117	114	119	119	117	115	118	123	124	122	122	127	131	130	128	130	127	126	122	116	119	118	115	115	105	104	111	115	114	119	125	128	127	131	128	122	115	110	109	105	100	97
120	120	121	125	128	129	124	122	118	120	119	117	116	117	119	122	126	131	128	129	134	134	131	124	120	121	122	124	129	130	132	131	132	129	129	131	135	136	133	133	135	136	139	137	137	136	139	139	137	131	130	130	129	124	121	125	128	127	132	135	138	140	143	139	133	129	125	119	117	117	114
122	130	134	141	142	140	136	132	134	140	139	139	137	137	137	140	139	137	138	141	149	153	149	138	137	138	139	140	142	139	138	137	138	135	135	139	147	148	145	142	147	147	146	148	147	146	142	135	137	140	141	141	138	136	140	144	145	142	143	141	141	141	145	148	147	146	138	131	131	128	120
137	141	147	152	154	150	144	142	141	144	145	144	149	150	145	147	151	153	151	154	153	152	149	149	147	148	143	141	139	146	151	158	150	143	143	150	148	148	149	149	142	140	143	148	150	151	152	151	151	151	151	150	145	141	140	139	137	142	150	152	148	149	153	154	147	142	140	137	135	133	126
141	142	142	145	152	153	152	149	151	153	151	150	149	154	158	158	157	153	151	153	154	157	158	155	152	153	154	154	148	148	153	153	151	149	153	152	152	155	156	153	154	151	149	153	155	156	162	165	163	157	156	155	153	149	152	153	154	156	155	151	147	148	147	151	152	152	149	145	142	140	136
152	156	157	160	160	157	157	157	157	158	157	157	160	162	159	155	155	154	150	149	151	153	151	144	145	145	150	147	148	155	160	159	159	155	155	155	150	147	144	144	146	146	147	157	160	158	159	158	159	155	154	150	150	149	150	153	154	160	164	164	158	157	155	155	153	152	147	148	146	138	131
148	152	152	155	155	153	159	160	157	164	163	159	152	154	155	154	149	150	151	159	162	159	155	154	149	149	149	155	153	153	156	154	155	157	162	161	153	152	154	151	151	149	151	149	149	153	153	155	155	151	151	150	152	150	152	155	155	156	158	159	163	164	162	158	158	155	151	144	137	137	135
147	152	152	156	157	155	153	151	157	160	158	159	160	155	155	155	157	153	149	152	155	159	151	145	145	149	153	155	153	150	152	153	154	156	157	155	150	150	150	152	153	156	151	154	154	152	151	151	150	152	151	152	154	156	155	156	155	158	161	158	156	153	153	153	153	151	147	145	143	138	131
143	149	150	152	152	151	150	159	166	160	157	154	149	151	156	157	160	157	154	157	163	160	153	143	142	146	154	155	149	146	145	149	154	158	159	155	153	152	149	151	157	157	158	155	151	150	151	154	153	154	155	157	156	155	155	158	160	160	158	160	154	154	152	156	158	157	149	145	144	142	137
148	151	156	156	155	147	147	155	159	160	161	157	152	155	158	157	157	157	154	152	153	155	152	146	144	146	149	149	148	149	150	149	152	156	159	160	159	161	161	158	161	161	155	157	156	157	154	154	157	160	157	159	163	161	161	158	161	161	155	151	154	153	153	159	167	162	153	148	145	143	137
143	148	147	153	151	146	152	161	163	165	160	154	159	156	155	156	158	162	162	161	157	154	153	151	150	152	153	155	156	148	148	145	148	148	149	154	161	161	163	161	155	157	155	152	152	153	150	149	152	156	156	156	159	156	151	153	154	152	149	151	152	147	155	158	156	155	148	142	139	133	129
145	152	155	157	154	154	152	151	150	154	161	162	161	163	161	161	156	155	159	162	163	162	157	157	151	154	152	150	152	154	155	156	155	157	156	158	161	166	160	153	155	151	149	148	151	154	152	149	148	152	161	167	168	161	156	152	153	154	159	154	152	147	146	147	150	153	153	154	152	143	135
144	149	154	153	155	155	153	153	151	154	153	155	160	153	153	149	154	163	159	160	158	157	155	153	154	154	151	151	151	149	152	157	165	162	160	162	165	161	158	158	159	165	169	169	165	153	152	152	149	152	156	160	155	155	158	156	150	150	155	158	148	143	146	150	157	162	162	156	150	140	131
147	148	151	154	157	158	155	153	155	155	158	159	163	165	164	159	155	149	156	163	161	157	153	153	154	153	152	147	151	155	162	161	163	164	164	163	166	166	159	159	157	158	158	162	161	159	155	147	147	154	158	163	161	162	157	153	152	155	153	152	150	151	148	147	152	156	156	153	148	144	138
152	155	157	159	163	159	158	152	151	151	151	150	155	159	162	163	161	163	164	160	159	162	157	155	154	150	152	151	159	158	155	157	159	158	155	157	162	161	161	159	157	159	161	166	166	160	155	155	157	158	158	161	161	161	160	157	155	152	152	153	151	149	146	149	152	154	150	151	146	141	137
155	157	158	160	156	155	155	154	152	154	157	162	162	158	154	153	157	159	160	158	163	162	161	161	159	157	153	156	161	158	154	155	159	159	160	161	159	163	162	158	157	154	155	160	159	160	156	154	155	161	158	160	161	160	157	153	153	153	150	152	153	153	148	150	150	153	155	156	151	145	140
152	155	159	163	163	161	157	155	153	155	152	152	156	159	160	159	161	156	155	157	158	161	161	160	154	152	151	154	156	157	159	157	159	159	163	163	160	157	152	151	155	160	158	159	160	155	156	161	164	161	160	159	160	163	161	157	153	148	146	143	150	156	154	156	158	157	156	155	158	152	145
146	153	161	162	163	162	158	158	161	157	157	157	160	159	157	158	158	157	161	162	162	163	162	156	149	145	148	154	155	158	158	158	159	165	165	163	161	157	154	151	151	150	152	157	159	158	164	165	167	164	161	158	153	155	154	155	150	152	153	153	155	158	157	155	156	159	165	162	160	152	145
146	151	155	158	157	155	157	157	156	153	155	159	163	165	164	160	154	152	153	156	159	157	157	154	150	151	150	150	151	154	157	162	159	163	164	164	158	154	151	155	158	160	159	161	159	158	161	159	155	157	165	165	162	158	155	152	152	149	148	155	157	154	152	153	157	155	158	157	160	151	143
145	147	154	157	158	155	152	153	158	160	160	160	162	167	165	166	159	155	158	163	161	160	157	158	155	155	153	148	151	155	162	167	168	163	163	164	161	162	157	151	150	150	157	165	165	163	164	164	163	161	163	165	163	157	154	151	152	154	155	157	154	155	155	159	161	163	162	160	156	152	143
156	156	157	153	150	154	160	157	158	159	159	160	161	162	157	155	155	162	160	163	161	159	160	157	157	154	154	151	153	157	159	160	160	163	162	162	160	156	157	158	158	157	156	162	166	170	172	169	161	161	163	162	156	150	149	152	155	157	155	155	152	146	148	157	159	157	155	157	160	154	145
155	155	152	155	153	157	159	154	160	160	158	156	159	159	158	157	156	156	159	159	156	156	155	158	160	163	156	153	153	156	157	160	161	160	157	159	160	162	159	154	154	155	154	160	162	161	160	160	157	153	148	147	148	149	148	152	157	155	155	154	154	152	155	157	159	159	154	153	149	146	143
151	151	151	151	149	153	158	162	162	161	163	162	159	159	156	156	159	161	159	159	158	159	161	161	164	165	166	162	155	154	156	158	158	154	153	157	158	156	158	156	159	158	159	163	164	163	158	158	157	159	159	156	148	144	143	148	150	155	159	159	153	150	154	161	164	160	151	159	157	152	141
147	157	154	150	149	148	152	159	165	167	164	158	156	154	157	156	157	159	155	156	154	154	155	157	162	167	160	153	153	154	154	155	155	154	155	156	158	159	159	157	155	157	158	159	159	158	153	151	153	149	144	143	148	149	152	154	155	157	160	161	160	156	160	161	166	165	159	160	158	150	141
153	155	155	154	149	156	165	167	168	168	166	159	159	153	151	150	151	152	151	155	154	152	152	149	154	158	156	157	158	160	159	159	158	162	161	159	157	156	154	156	151	154	151	154	156	157	151	150	155	160	155	154	150	149	149	153	154	157	165	166	162	156	158	161	161	161	160	163	161	156	148
152	157	158	155	154	157	162	164	165	165	160	159	159	159	160	158	155	152	151	157	157	157	157	155	159	155	155	155	158	163	162	157	157	158	159	158	158	157	153	151	153	149	150	156	159	160	157	155	152	149	149	146	149	151	152	154	151	150	151	148	148	147	155	157	157	159	155	157	161	155	146
152	157	160	157	160	162	163	160	161	160	160	156	151	148	146	150	156	153	153	158	159	159	158	152	153	151	154	158	161	166	170	173	172	174	169	165	158	158	154	154	153	155	154	152	156	160	159	157	155	153	151	153	156	156	155	156	152	153	151	153	153	156	157	155	155	154	152	157	165	166	155
157	159	156	158	161	162	166	172	170	165	167	166	161	158	158	158	160	155	157	155	157	155	154	154	155	155	153	153	156	164	163	161	158	158	159	158	157	157	158	159	156	153	158	154	155	157	160	161	159	155	159	165	165	162	158	155	153	152	155	150	145	149	154	153	153	155	158	156	155	149	136
151	154	159	163	161	163	166	168	162	162	164	164	162	158	161	161	159	157	154	156	159	162	160	157	159	163	161	159	164	165	166	168	165	163	163	166	163	155	156	155	155	153	156	159	163	163	163	163	163	163	162	160	162	161	156	153	152	154	160	161	161	158	159	160	155	152	156	160	161	153	146
158	162	163	162	162	161	160	160	157	158	163	166	165	167	164	163	161	158	157	154	157	158	156	157	159	159	161	160	163	163	161	162	155	152	153	159	161	159	158	154	157	157	161	165	165	167	164	165	165	164	165	163	162	164	159	161	164	164	158	155	152	156	155	154	158	161	158	153	148	146	146
155	155	157	158	160	163	165	162	168	172	175	175	170	163	163	161	161	163	156	155	159	156	165	170	171	166	163	165	162	161	161	157	159	158	159	163	164	161	155	155	156	151	158	166	169	167	164	161	156	161	157	160	158	155	155	160	160	161	160	159	163	164	160	157	158	157	155	150	151	148	144
163	164	166	164	161	161	160	164	166	162	158	155	155	163	163	160	162	161	157	159	161	162	163	163	163	166	163	163	164	163	168	173	171	170	165	164	163	159	157	156	157	153	158	162	161	164	164	159	160	161	163	165	164	163	159	158	159	160	155	153	153	152	156	161	162	161	155	151	144	137	133
163	161	159	157	158	163	166	163	155	153	151	152	155	162	158	153	157	161	162	163	165	167	168	169	167	167	163	164	164	159	157	154	156	160	159	161	162	161	163	165	162	160	162	161	159	159	163	162	156	156	158	158	162	161	159	157	158	154	157	159	160	161	161	158	156	157	151	149	152	151	147
162	165	163	160	160	159	161	160	156	152	148	146	148	153	153	152	155	157	155	159	166	165	167	163	165	165	162	169	170	165	162	158	161	162	166	164	162	159	159	159	155	157	156	155	159	162	158	160	160	161	161	160	154	150	154	159	158	157	156	155	158	157	154	155	155	157	155	150	150	148	141
157	159	157	151	157	159	166	164	160	160	153	149	152	153	155	153	151	153	158	165	168	165	165	166	164	165	161	163	164	163	159	160	157	162	164	165	161	155	158	155	155	155	155	154	155	161	162	164	165	159	162	163	168	168	164	161	159	156	158	164	168	167	165	161	161	161	157	154	151	151	146
160	163	164	162	159	159	165	168	166	165	165	161	155	153	158	159	156	160	166	166	166	167	164	162	159	161	159	158	163	165	163	165	163	168	166	163	160	159	160	157	157	157	159	159	157	158	165	169	169	166	166	166	163	165	163	160	159	157	157	155	155	156	159	154	152	156	158	158	155	151	142
153	152	160	162	159	156	158	161	165	168	167	168	167	164	162	161	160	158	161	163	163	164	165	162	162	159	158	159	163	163	163	162	162	165	169	165	161	163	164	165	163	159	159	158	160	168	176	177	171	165	164	163	165	165	162	158	152	152	156	158	159	161	158	158	161	161	160	160	157	154	149
160	160	163	163	161	159	159	160	162	168	170	165	161	154	156	165	166	159	163	162	157	154	157	157	158	161	164	163	160	163	168	172	170	170	172	171	169	163	160	160	163	161	160	161	163	164	168	167	168	168	166	167	167	166	165	165	165	161	159	163	158	157	156	155	158	159	159	161	156	150	147
151	157	155	153	148	148	152	158	163	161	168	167	162	159	162	164	165	159	160	163	162	160	160	160	163	165	164	166	163	160	161	162	164	164	166	164	168	170	168	167	166	163	162	163	164	166	167	169	172	167	168	167	167	161	159	160	161	157	158	161	159	161	161	158	160	161	164	162	155	155	146
150	152	154	155	161	159	162	159	161	160	163	165	164	159	157	159	163	161	163	164	162	161	159	164	169	175	175	170	164	165	168	168	169	172	172	172	169	166	162	165	165	163	165	165	162	161	161	159	156	156	160	164	170	172	170	166	163	161	152	154	158	154	155	155	155	154	153	153	154	150	147
151	150	154	153	158	160	154	155	156	156	154	159	156	155	160	163	167	162	163	165	162	160	165	163	161	158	159	159	163	159	160	159	163	164	170	171	170	170	167	160	159	164	166	165	163	164	166	164	161	162	160	161	159	157	155	157	159	156	158	159	161	163	164	159	156	155	158	157	159	156	150
159	161	162	164	166	165	159	161	160	158	155	156	157	161	161	163	160	160	162	168	166	166	165	163	164	164	161	156	159	156	160	164	166	169	170	171	166	161	159	159	164	162	161	160	164	165	161	157	159	162	155	155	157	157	157	156	155	149	144	153	162	160	161	164	160	161	158	156	155	150	139
151	151	155	159	160	156	158	159	158	157	156	153	151	152	154	157	155	159	160	165	165	163	162	161	157	155	154	156	159	163	162	163	164	166	163	161	163	161	158	160	162	161	156	157	163	163	164	165	162	157	160	157	159	156	157	158	154	155	157	164	171	173	167	158	156	156	152	153	155	154	154
157	159	161	164	163	161	161	157	156	156	159	158	157	157	157	156	155	158	161	160	163	166	160	166	163	163	164	164	164	165	161	159	158	159	160	158	159	162	161	165	161	158	156	152	157	159	164	165	167	160	156	160	156	157	158	157	150	149	156	170	180	170	162	160	158	153	151	150	147	143	143
156	156	157	161	157	157	155	159	157	160	161	159	159	159	155	158	154	157	164	171	170	168	162	163	162	161	158	159	164	160	157	160	157	164	160	156	153	155	162	159	161	159	154	156	158	161	165	165	168	166	161	159	159	160	162	163	159	160	161	167	170	162	153	148	150	155	155	153	151	154	153
152	157	164	169	170	167	163	159	155	155	158	161	164	167	170	166	158	155	161	167	171	169	170	168	164	160	163	166	166	162	159	160	155	155	153	157	162	168	164	163	167	163	162	167	164	163	167	172	173	168	161	161	160	160	160	159	158	153	153	157	157	151	153	151	155	153	150	149	150	147	143
153	161	165	167	164	161	158	161	161	162	160	162	162	163	161	158	157	157	159	169	168	163	166	169	167	162	159	158	154	153	153	156	156	159	159	162	161	163	164	166	166	162	165	170	172	168	166	169	164	163	163	160	155	157	157	159	159	156	155	157	154	154	154	158	160	158	157	159	157	158	152
156	163	168	170	173	168	158	159	161	159	162	167	166	165	157	157	158	157	158	160	158	153	156	158	163	165	161	157	159	160	158	157	161	155	159	165	168	172	170	168	163	161	160	164	167	168	166	162	159	155	157	157	153	155	161	159	151	146	150	153	151	150	154	157	154	156	156	156	153	148	143
157	163	167	167	165	164	162	164	166	167	167	164	160	159	156	156	158	161	163	163	157	158	159	163	169	168	165	163	160	155	156	159	161	157	163	167	169	168	167	163	160	160	162	164	170	171	168	165	162	160	158	158	162	159	162	162	158	155	155	157	153	155	162	167	164	155	151	154	152	149	150
156	160	160	167	170	165	160	157	159	163	164	166	164	160	157	158	160	162	162	161	156	153	158	157	158	163	159	159	159	156	157	159	163	166	168	168	170	166	161	164	169	169	165	165	159	159	158	159	161	155	154	158	162	163	159	154	151	148	155	158	158	159	163	165	164	154	147	147	143	142	144
157	160	159	163	164	164	159	162	160	165	169	167	166	166	169	166	169	171	170	164	159	161	160	161	164	166	165	163	164	165	165	166	170	170	172	175	174	169	168	163	162	163	165	167	164	162	159	160	159	158	157	157	158	158	155	149	148	151	154	154	154	153	157	161	160	158	158	155	150	141	141
162	162	163	168	165	166	166	164	163	168	168	168	166	167	169	167	166	161	157	156	160	159	164	166	163	161	160	155	161	165	163	166	169	173	172	170	168	169	171	168	166	168	169	170	163	157	157	158	159	161	162	163	160	150	149	146	147	154	161	166	159	155	155	161	159	160	158	160	146	141	140
161	159	159	164	166	162	158	164	164	166	170	167	171	172	170	166	166	166	164	161	158	160	158	160	163	168	167	165	167	170	166	165	168	170	171	168	169	172	172	169	166	163	164	161	159	157	156	157	156	160	164	165	162	157	154	150	147	145	152	158	165	163	157	159	159	161	160	158	154	148	140
161	159	165	167	166	168	168	165	167	166	165	165	168	167	168	165	169	167	164	161	164	164	167	169	168	163	162	158	158	159	165	165	167	169	168	169	170	168	166	166	166	166	163	164	158	158	159	162	167	170	171	168	161	157	152	147	155	161	162	160	161	156	157	159	155	163	166	165	153	142	144
159	159	162	163	162	162	165	163	170	167	167	165	168	168	165	166	163	164	164	159	157	159	162	166	170	166	157	158	165	166	171	173	172	173	172	168	166	166	167	169	167	169	162	157	159	159	159	163	164	167	170	167	165	158	159	158	158	161	160	158	158	164	163	160	157	158	163	163	155	147	140
154	159	162	164	163	164	160	165	167	165	164	165	170	169	165	166	166	166	166	166	167	168	168	171	167	166	163	161	163	167	171	170	175	180	180	174	169	163	161	165	166	164	160	156	154	155	157	163	161	160	159	160	158	158	157	158	164	167	163	157	151	152	151	152	151	152	157	160	153	152	153
161	160	160	163	164	160	158	163	167	168	169	171	171	166	164	165	160	155	155	155	158	163	162	159	159	160	161	159	159	162	165	171	170	171	174	167	167	169	162	163	162	159	157	158	159	154	160	159	159	162	164	166	166	164	159	159	159	159	159	159	154	150	155	155	158	157	159	165	163	160	158
152	153	156	161	158	160	158	163	164	168	170	172	171	168	167	165	162	160	157	162	161	161	162	161	161	162	162	161	163	163	165	168	170	174	175	172	165	163	159	159	161	161	163	164	166	163	160	159	161	160	158	158	156	158	158	155	156	159	160	153	153	155	152	149	152	156	157	162	165	164	160
158	163	166	166	165	166	168	167	163	162	168	170	167	170	166	168	160	154	152	155	161	164	166	166	162	160	160	157	157	162	163	164	166	168	165	165	165	166	165	161	161	164	165	163	161	165	165	165	161	164	165	167	168	164	162	159	153	155	159	160	157	159	157	156	159	161	154	156	161	162	154
156	152	153	158	162	164	161	164	164	170	168	166	165	163	164	169	168	160	156	160	162	159	161	166	169	162	166	166	163	166	165	165	167	168	169	171	168	164	164	164	164	170	173	170	167	164	161	160	158	158	159	161	162	162	160	158	159	160	159	163	161	163	163	162	159	158	159	165	162	155	150
166	167	164	158	161	163	169	167	164	164	166	165	162	161	166	165	169	162	158	160	164	165	167	169	172	167	161	159	163	163	163	163	166	165	165	169	173	173	173	173	171	166	164	164	165	162	161	165	159	161	168	173	170	165	159	156	155	153	153	155	161	164	162	160	162	159	160	161	156	157	157
157	159	159	161	160	163	166	165	165	166	167	165	164	163	165	165	166	160	161	164	165	161	159	160	157	157	157	155	159	164	168	164	167	167	166	168	169	170	166	166	166	170	170	171	171	167	161	159	157	152	153	155	155	161	167	163	157	155	155	159	162	165	159	156	157	164	172	170	163	157	153
163	164	159	161	163	165	167	166	166	163	163	162	160	163	163	161	159	156	157	159	164	162	158	157	159	157	161	164	162	164	168	168	169	167	169	170	171	174	171	168	165	166	160	161	165	165	169	165	162	163	163	163	160	159	158	160	161	158	157	158	164	169	168	169	168	165	158	157	158	156	152
154	158	159	158	162	162	163	164	161	163	161	158	162	163	163	163	164	162	161	165	169	168	164	162	162	163	163	163	166	170	168	164	166	168	170	169	163	165	167	171	171	167	168	166	164	165	167	167	161	158	153	154	157	162	159	154	155	161	167	169	164	164	162	163	163	164	161	157	158	156	155
161	163	163	162	162	166	169	165	162	160	158	158	162	167	169	164	163	162	163	167	162	164	164	166	165	163	165	166	164	163	161	164	161	166	166	164	167	170	174	176	173	173	170	168	166	167	169	172	171	166	161	157	157	160	159	159	158	155	154	158	162	165	166	162	162	162	159	154	157	155	152
165	170	170	171	169	167	164	161	162	163	161	161	163	165	164	167	168	167	168	169	169	169	175	172	166	166	170	170	165	165	167	166	164	160	161	159	165	166	166	170	172	173	178	176	168	169	169	168	165	165	164	163	162	164	162	160	159	163	167	170	166	164	166	170	167	162	160	158	160	156	157
161	169	169	171	169	164	162	165	162	162	166	165	167	171	175	173	170	169	170	168	169	166	167	163	162	161	158	161	162	166	166	163	162	162	163	159	163	164	166	169	169	175	173	172	167	165	165	167	171	176	170	171	171	170	165	164	162	165	163	160	159	160	156	159	157	159	161	161	161	157	153
167	171	167	169	166	162	162	164	168	167	164	165	168	167	166	168	170	172	169	164	161	162	167	163	160	160	162	166	167	168	164	163	166	163	161	161	167	167	165	168	167	167	168	167	164	160	156	165	166	166	169	171	169	163	163	156	159	159	161	162	160	162	158	159	159	161	162	162	160	161	161
159	159	164	166	164	163	164	167	168	166	162	159	155	158	160	162	166	169	167	168	170	166	165	161	160	161	160	165	167	167	164	160	158	161	166	168	164	160	160	163	163	165	168	164	161	160	164	166	163	166	171	173	171	166	160	157	160	162	164	159	158	155	155	159	162	165	171	175	176	166	157
171	175	177	171	163	156	160	159	160	157	156	157	163	163	162	162	166	169	170	170	163	158	155	154	155	157	161	165	163	164	161	163	169	166	170	172	169	169	168	165	164	162	163	162	156	156	158	162	161	165	168	167	162	158	158	156	159	159	156	159	153	151	154	157	161	161	163	165	165	165	165
164	165	166	161	160	157	163	163	162	164	162	161	162	160	159	163	168	169	169	164	161	160	158	158	156	162	162	162	165	169	168	167	169	173	176	174	171	170	167	157	156	156	157	157	156	159	165	162	160	160	165	165	165	159	158	162	161	161	159	159	157	153	149	156	160	169	173	171	170	163	157
167	165	168	164	169	172	171	167	161	159	159	160	165	163	164	166	168	169	176	174	166	160	160	165	164	161	163	160	161	160	162	163	166	167	171	172	172	166	165	168	165	163	163	163	162	164	170	174	170	168	166	164	160	159	157	158	157	155	155	154	153	152	154	154	153	153	155	160	161	157	150
170	169	169	170	173	178	177	173	171	163	159	159	165	165	163	169	172	173	168	164	161	163	164	164	162	162	164	165	165	166	172	174	173	173	167	169	170	168	162	159	160	163	166	172	174	175	169	163	159	161	159	158	158	160	157	164	165	159	155	158	161	157	154	157	159	165	165	161	159	155	151
169	173	175	175	176	173	175	170	165	163	158	154	157	162	171	172	169	163	166	169	170	169	170	167	160	159	157	159	161	164	167	174	170	165	165	166	163	161	158	164	165	166	169	173	175	175	171	171	168	171	170	163	157	153	150	151	151	154	153	155	157	153	158	162	154	156	161	160	154	154	148
169	174	178	175	170	172	170	166	160	156	159	159	160	161	169	169	167	169	169	165	161	159	163	165	166	165	165	165	168	166	166	167	168	170	168	166	164	164	164	162	157	163	164	171	176	175	179	174	168	165	161	159	155	155	154	158	158	160	158	159	164	165	163	162	160	161	159	159	156	152	149
169	176	177	175	170	167	169	164	165	163	159	159	161	167	171	172	166	161	161	160	160	163	161	162	162	161	159	163	163	167	169	165	167	164	162	155	155	157	165	162	160	158	159	160	163	165	163	165	166	162	160	163	163	158	159	163	163	160	157	157	155	156	158	158	161	159	159	158	155	151	150
169	171	170	164	161	161	161	163	161	163	163	163	162	162	167	168	166	168	168	167	164	164	165	161	160	157	159	162	166	168	164	164	166	164	165	167	169	172	170	168	165	162	166	168	160	159	168	172	171	163	161	161	163	169	172	172	166	166	163	162	162	160	161	161	162	159	160	160	163	161	154
162	161	164	160	159	159	162	164	166	173	173	172	170	168	170	171	168	166	166	168	167	164	165	164	161	165	169	168	171	170	169	170	166	165	164	163	163	165	164	168	161	158	157	159	155	148	156	165	167	167	163	159	162	165	166	166	159	156	154	155	151	150	147	152	156	158	161	160	160	158	152
160	160	163	166	163	165	167	168	165	165	163	162	165	166	165	169	167	170	167	167	170	170	164	165	163	161	164	161	163	161	162	159	158	155	160	168	170	171	173	168	165	161	159	163	165	164	167	168	169	168	170	167	167	170	169	164	162	158	156	158	161	156	154	150	152	152	157	158	161	160	157
160	160	157	157	158	160	161	165	162	159	162	167	164	163	167	169	172	170	168	166	166	168	165	164	159	159	163	165	168	164	163	163	160	157	160	161	158	159	166	169	165	162	159	166	165	163	164	161	161	164	166	162	161	165	164	163	163	159	157	153	152	154	155	155	155	156	152	155	154	156	153
162	161	163	158	156	156	160	163	164	165	166	164	165	168	166	169	167	165	167	169	168	166	167	165	162	159	162	161	163	161	160	162	160	159	162	164	166	168	171	177	174	165	156	159	165	169	168	168	168	169	168	170	165	158	158	160	157	160	162	163	163	167	171	168	162	161	158	163	163	156	150
161	158	159	157	156	158	160	159	159	155	154	156	158	161	162	167	166	167	169	169	162	167	170	169	166	163	162	163	164	164	163	163	162	163	164	165	160	156	160	162	167	163	159	165	167	168	170	169	166	166	168	169	164	166	166	159	161	162	159	161	159	163	163	160	153	151	152	152	154	154	152
159	156	155	160	159	160	158	159	163	161	159	160	162	164	165	170	170	168	166	164	162	164	162	163	168	164	160	155	156	161	164	163	161	162	165	166	166	161	161	163	166	165	163	164	166	169	168	161	162	161	168	170	164	160	159	157	155	159	165	171	170	167	162	159	153	151	151	158	156	154	152
156	160	160	158	154	158	160	161	158	156	156	158	157	160	165	169	168	168	166	162	160	160	161	163	164	162	159	155	158	163	166	169	169	170	169	170	168	163	164	168	170	170	164	166	167	166	161	158	158	162	162	162	164	163	160	155	156	154	153	160	163	164	159	160	157	155	156	157	156	154	151
159	158	156	152	154	159	159	164	161	157	158	158	161	162	163	166	163	158	155	157	160	160	163	167	169	166	162	161	158	157	159	159	160	159	163	164	164	160	156	158	162	160	158	157	159	165	160	158	158	158	158	159	162	158	160	160	160	155	159	161	164	162	158	152	153	152	156	160	159	149	146
154	153	153	153	153	151	154	157	157	154	153	151	152	156	163	166	167	166	159	158	155	154	159	164	161	163	162	160	162	164	162	162	158	163	167	165	162	163	164	161	168	164	162	164	162	156	157	157	155	153	150	149	147	147	151	154	154	155	153	153	158	159	154	149	151	152	149	146	144	141	134
153	148	148	147	145	146	148	148	152	154	153	148	144	147	149	152	154	153	152	151	150	150	153	157	159	160	160	157	155	153	149	150	147	147	153	155	155	153	152	154	157	152	145	141	144	150	153	149	144	141	143	145	145	145	147	151	147	143	146	152	154	147	146	143	144	141	139	135	130	130	130
148	147	145	140	141	142	146	148	151	153	148	145	150	153	153	153	152	146	145	147	142	139	145	146	146	150	150	151	155	153	146	143	140	139	141	139	141	147	147	147	141	143	143	142	140	139	138	136	132	130	128	128	130	131	136	138	135	136	136	140	139	140	133	128	128	131	125	121	119	117	117
137	132	127	127	123	124	127	132	137	142	143	138	135	129	128	128	128	135	133	130	134	138	140	139	140	141	145	143	139	135	129	126	125	128	133	131	126	129	130	131	133	131	124	121	118	117	113	119	121	122	120	122	120	121	123	118	113	110	115	116	117	116	114	113	112	113	112	108	111	108	104
127	123	126	122	123	125	131	133	137	136	137	134	135	139	136	131	130	125	128	135	135	138	141	139	137	132	131	133	130	124	115	111	113	116	119	122	124	120	120	122	123	121	115	114	108	110	111	111	105	107	111	113	114	117	115	109	98	95	100	109	109	102	102	109	107	102	99	97	98	92	83
127	119	116	116	115	119	121	129	133	139	141	133	125	123	122	123	126	127	125	128	131	136	138	131	127	125	127	128	125	124	116	108	108	110	112	113	109	112	105	101	105	109	109	110	117	116	116	109	104	104	103	105	107	113	103	100	97	92	88	90	96	92	87	85	95	94	83	81	80	75	83
117	122	124	125	126	123	121	123	131	134	127	116	115	121	124	126	129	127	132	137	143	144	141	135	128	121	122	123	120	115	110	105	103	98	103	107	112	114	115	113	112	105	104	103	103	106	111	103	97	104	101	100	103	104	93	92	89	81	84	89	87	89	91	90	90	97	88	76	79	82	83
119	120	121	122	118	119	124	125	126	131	123	121	122	127	129	130	135	135	137	139	138	138	141	134	128	121	112	107	110	112	109	105	106	106	105	107	111	112	110	111	104	100	103	102	103	106	107	108	107	108	110	113	108	102	93	93	86	83	84	79	85	84	84	80	79	82	75	74	77	78	84
126	126	125	123	122	127	129	128	129	133	130	122	118	119	117	119	126	126	128	129	131	133	131	125	120	113	109	105	104	97	95	101	104	100	99	96	103	106	107	104	98	101	107	111	107	100	100	105	105	107	97	93	101	102	97	97	95	89	83	87	94	88	82	82	81	85	83	82	86	90	91
121	123	125	128	125	126	119	117	121	125	120	122	119	117	122	120	121	130	127	129	127	126	124	121	115	111	105	100	98	98	96	96	95	93	89	88	95	100	99	104	111	110	106	111	109	102	102	99	103	106	103	103	105	105	98	90	88	87	85	87	87	87	85	77	73	73	80	87	90	93	89
